## Initial state vector
x0 <- c(Cu							= 0, 
				Cu.out					= 500000,
				D0700           = kGenomeCopy,
				D0702           = kGenomeCopy*2*(!isKO),
				Dgfp            = kGenomeCopy,
				M0700           = 0,
				M0702           = 0,
				Mgfp            = 0,
				OE0702          = kGenomeCopy*isOE,
				P0700           = 0,
				P0700.Cu        = 0,
				P0702           = 700*(!isKO),
				P0702.Cu        = 0,
				P0702.Cu.P0700  = 0,
				P0702.Cu.P1179  = 0,
				P0702.Cu.Q      = 0,
				P1179           = kGenomeCopy*6, # at least two regulators per controlled gene (excluding gfp)
				P1179.Cu        = 0,
				P1179.Cu.D0700  = 0,
				P1179.Cu.D0702  = 0,
				P1179.Cu.Dgfp   = 0,
				Pgfp            = 0,
				Q               = 600,
				Q.Cu            = 0, 
				V               = 1)
